10000547
10001167
10001440
10004825
10006828
10014959
10016093
10018811
10018923
10023439
10025387
10031856
10033231
10053392
10053594
10055196
10055674
10057222
10057670
10063214
10067407
10068556
10068810
10082360
10087394
10090039
10090568
10095427
10123207
10124179
10132247
10133033
10140238
10145279
10147167
10153739
10153785
10154071
10155387
10156597
10158548
10159217
10161943
10188458
10190733
10196240
10200377
10200886
10206622
10207321
10207524
10213610
10214295
10219361
10220613
10223027
10223257
10225706
10226276
10228698
10230535
10258061
10262542
1027337
10285389
10287062
10289507
10292156
10295441
10320170
10323583
10328727
10331908
10333131
10345661
10351017
10351196
10351528
10352615
10356032
10387370
10387495
10388249
10389393
10394950
10401843
10402207
10405285
10415545
10417623
10420335
10420629
10427256
10428163
10448025
10449846
10451228
10459696
10459809
10472318
10473363
10485557
10492224
10513837
10515651
10524715
10529006
10532670
10534826
10545089
10547370
10547575
10547905
10548201
10548741
10549732
10550170
10550429
10552202
10553525
10586902
10587702
10592924
10593078
10593088
10597648
10599101
10602015
10602372
10604054
10604435
10610250
10610275
10611263
10614003
10616364
10652469
10656842
10657633
10658326
10658641
10659842
10662595
10663785
10668065
10669234
10669590
10675052
10678016
10685015
10717638
10722067
10722175
10722954
10730228
10732050
10732526
10733897
10742112
10743092
10743331
10743515
10747862
10751237
10752915
10753840
10779537
10789202
10793771
10793872
10796378
10796857
10798647
10801063
10808557
10813238
10813811
10815461
10816748
10847321
10849541
10850440
10857579
10858520
10861311
10863834
10866415
10879742
10881317
10903016
10903247
10905139
10907410
10916563
10921258
10922608
10922840
10931578
10932270
10932336
10935377
10936984
10937722
10960400
10960798
10965536
10966634
10972288
10972858
10973397
10973854
10977146
10979258
10979742
10989954
10989961
10990113
10991798
10992711
11013471
11014721
11018710
11026472
11028372
11030524
11033569
11033882
11036477
11037219
11042658
11043208
11043820
11045572
11045769
11075808
11080639
11080937
11083613
11085766
11086673
11087371
11091260
11091445
11097853
11098753
11099144
11099193
11121489
11121968
11124920
11125699
11126517
11127105
11127981
11136049
11136139
11139884
11140834
11146260
11147596
11147785
11180468
11180779
11180994
11189239
11189432
11190108
11190322
11190768
11193975
11196317
11199046
11230715
11231255
11236571
11241658
11241927
11242689
11243349
11245307
11247648
11249981
11250139
11251136
11251622
11285650
11287936
11287949
11289822
11293804
11296211
11298714
11299484
11299667
11309403
11337883
11342694
11348417
11349180
11351480
11353223
11353313
11357004
11358669
11361765
11391496
11403918
11410217
11410478
11410622
11410886
11413138
11413393
11415780
11442897
11453225
11456449
11457554
11460287
11465942
11468149
11496497
11496569
11506212
11514322
11515424
11517524
11518492
11519405
11519735
11520578
11520642
11547411
11550492
11555266
11557992
11559187
11559206
11559645
11559818
11560861
11560939
11561379
11564024
11566273
11567392
11567563
11568605
11598116
11598459
11600255
11600604
11601529
11606451
11607216
11612603
11615890
11621486
1163359
11650039
11651361
11654305
11661782
11663297
11667630
11667799
11670968
11671621
11702195
11703724
11716326
11716362
11716402
11721374
11722424
11723893
11724179
11753722
11757910
11759220
11759478
11769182
11769563
11773616
11774570
11775511
11802908
11819363
11820243
11821439
11822342
11824814
11854801
11855667
11869095
11875246
11905111
11905420
11905840
11905997
11910249
11920678
11924919
11925044
11954989
11960908
11968334
11971940
11973569
11974612
11975063
11975173
12008413
12009953
12012511
12019910
12021069
12022176
12023863
12024640
12059907
12066218
12067490
12070025
12070487
12070670
12110919
12115227
12116393
12117077
12120230
12168406
12169845
12205702
12206050
12215568
12215647
12215898
12218869
12219032
12252410
12253210
12254817
12267816
12300740
12305778
12314910
12316126
12403961
12470054
12505741
12506147
12507838
12553494
12647227
12647352
12735851
12785250
1294385
1431059
1433593
1433803
1569842
1717618
1719422
1723843
1726291
1864183
1865262
1865747
1867706
1870433
1871314
1871927
1872469
1872517
1996415
2011891
2016978
2018283
2018537
2140446
2141255
2141932
2155869
2157059
2157650
2160901
2161831
2164262
2164379
2165198
2166223
2167774
2283721
2284679
2285827
2303101
2305479
2305590
2305987
2305992
2307683
2422073
2424822
2437191
2443903
2444348
2445426
2446327
2447046
2447476
2576417
2580691
2581533
2583386
2584477
2584478
2696739
2710194
2713305
2719795
2720096
2720777
2831788
2831815
2835067
2835283
2835657
2837276
2846659
2848887
2850010
2856328
2971432
2972545
2972876
2973238
2984382
2990932
2995753
2998532
3098179
3100193
3102411
3103827
3109520
3110733
3111815
3111831
3113433
3113648
3113818
3114408
3115946
3119555
3120486
3120585
3121427
3123653
3130335
3218930
3219744
3221239
3230719
3234666
3237572
3238303
3241947
3247570
3248982
3325179
3326233
3326392
3337536
3339519
3339894
3343621
3343630
3343931
3346227
3346501
3346779
3347054
3356643
3424105
3425217
3426673
3426898
3428530
3429176
3429738
3432802
3437742
3439356
3441207
3441473
3444374
3449870
3449907
3454626
3457618
3458097
3526061
3527891
3528656
3529399
3530520
3531436
3533464
3539429
3543722
3545033
3545147
3546046
3547041
3547236
3547488
3548732
3553319
3553529
3556801
3559502
3629684
3633057
3633152
3634224
3641504
3642837
3645589
3647215
3660374
3660498
3661494
3729799
3729833
3730854
3733028
3734104
3735447
3744043
3747777
3747860
3750891
3756174
3756180
3760664
3833819
3835996
3837488
3838180
3849527
3855126
3860139
3861797
3866315
3866844
3867193
3934343
3935987
3936047
3937022
3940854
3942500
3946389
3954348
3954671
3962670
3962731
3965502
3966952
3967300
3968119
3968764
3972675
3973247
3973813
4040211
4041405
4041741
4042300
4042977
4054771
4055294
4065939
4065977
4066278
4068048
4074796
4077249
4136835
4137210
4139784
4140726
4140796
4141698
4147993
4157786
4164464
4168909
4172283
4174996
4246729
4253429
4261269
4262061
4262239
4262252
4270423
4271039
4277451
4279009
4279700
4284281
4346953
4348513
4357170
4366351
4367337
4370730
4371406
4371615
4376913
4377436
4378473
4383388
4445549
4446215
4465224
4465237
4466582
4472729
4478615
4543229
4545474
4548564
4553631
4553643
4555734
4556646
4567326
4571324
4571448
4575420
4577048
4587050
4637939
4638317
4644949
4645474
4645513
4648485
4659706
4662555
4664515
4667909
4669118
4672904
4678118
4678610
4680912
4682420
4729586
4729920
4731118
4731138
4732137
4735859
4737942
4738539
4755560
4756746
4757071
4757638
4762423
4763296
4763631
4774298
4814689
4818312
4818420
4826423
4829511
4829682
4830268
4830883
4832773
4850790
4851948
4852480
4857279
4863282
4863352
4902641
4904166
4906950
4907665
4912124
4915387
4915716
4918748
4921047
4928958
4930018
4931389
4932311
4936438
4937204
4937576
4937784
4940536
4946220
4946445
4948479
4952454
4952516
4991732
4995788
5000089
5003442
5003549
5005173
5006817
5008936
5008996
5016549
5018689
5023732
5023889
5024143
5025021
5025895
5032140
5034206
5034571
5035304
5040851
5080831
5084999
5105190
5107950
5110961
5112072
5112744
5112880
5112948
5113041
5129236
5165979
5166068
5168382
5168707
5168713
5172229
5176520
5179166
5183325
5193912
5196300
5201670
5206349
5207415
5211724
5214140
5219666
5220010
5253296
5254812
5255835
5265226
5266369
5267939
5287034
5287065
5287610
5295280
5300767
5302674
5306751
5307203
5308777
5340189
5341131
5344943
5345094
5350163
5353283
5354104
5356201
5358184
5358969
5360757
5370902
5371124
5371173
5371626
5372374
5373278
5380775
5385518
5390372
5391275
5392313
5392657
5393453
5394451
5426041
5428360
5430779
5431353
5437909
5440198
5443741
5450439
5450937
5456086
5457811
5459494
5459855
5461921
5468161
5472717
5473628
5475952
5477873
5479483
5514024
5514079
5515314
5517310
5521718
5522071
5522575
5524229
5524720
5525484
5530982
5534973
5542222
5543289
5544444
5544606
5545719
5546141
5546749
5552283
5556743
5564922
5565067
5565654
5566669
5597397
5600739
5602690
5613099
5613241
5622780
5630175
5639438
5641322
5645576
5645845
5647719
5650420
5685237
5686036
5689606
5694017
5694720
5696539
5698093
5706724
5707416
5709667
5717541
5736093
5768075
5769244
5774568
5780828
5781901
5785268
5791045
5791889
5806522
5808398
5810513
5811766
5812955
5816923
5820359
5822936
5856737
5857618
5860093
5866537
5866737
5866945
5867450
5867990
5869293
5891982
5894271
5905736
5905907
5940060
5940068
5940587
5953450
5954815
5956977
5962451
5964042
5967194
6025031
6025641
6026983
6033938
6034166
6038302
6041223
6043187
6044054
6045509
6047339
6057532
6058104
6058941
6061867
6063745
6070419
6100524
6104786
6114108
6115575
6116517
6117196
6117517
6118670
6118789
6123202
6126808
6130405
6139561
6142964
6144777
6181896
6185317
6191190
6191288
6198123
6210900
6211965
6212600
6212838
6225344
6227242
6228364
6262867
6266772
6267800
6271877
6272964
6277049
6277741
6283618
6283995
6289002
6304807
6341990
6343222
6347518
6350696
6358455
6358695
6359454
6360104
6363109
6365511
6368363
6369548
6369774
6380975
6383228
6383953
6384492
6385953
6424157
6428602
6467408
6467788
6502800
6503502
6507794
6521522
6525916
6526417
6547007
6550823
6584555
6590363
6591027
6591336
6610188
6612102
6615504
6620507
6633766
6664533
6665526
6676597
6678432
6678472
6681565
6689398
6689517
6690139
6696387
6696436
6701023
6707195
6751420
6755958
6757558
6764026
6764382
6764685
6766852
6767829
6768319
6768448
6768654
6774693
6775098
6777074
6777790
6779699
6786075
6786177
6805631
6837256
6837573
6838375
6838420
6841322
6842204
6843557
6843705
6844373
6850177
6851499
6853127
6859803
6860649
6863185
6871105
6871557
6875474
6876162
6878800
6879830
6890257
6925109
6925158
6928997
6929729
6933666
6936091
6939158
6940380
6945941
6947706
6949816
6950976
6951680
6961071
6962291
6964342
6974745
6975038
7009245
7018515
7019217
7022581
7024001
7032312
7033467
7036099
7040879
7041245
7042040
7045489
7045503
7048889
7049467
7092127
7093179
7109120
7117362
7121616
7128663
7129766
7177015
7178170
7183922
7184978
7185001
7186542
7187059
7188662
7189418
7200117
7204026
7211754
7212114
7215938
7217665
7218915
7255313
7258771
7259237
7264736
7265067
7265993
7267119
7270142
7270385
7272257
7288241
7295725
7297940
7298034
7305252
7346365
7347195
7348314
7349134
7350897
7364232
7367035
7368013
7375225
7376259
7382908
7385745
7417186
7428624
7429055
7434436
7435143
7445517
7446296
7446648
7448051
7449159
7457184
7462845
7464220
7499531
7500388
7501516
7501667
7501722
7515137
7518143
7518352
7529215
7533804
7533995
7543694
7550955
7581214
7581822
7591311
7594337
7601617
7602732
7610113
7610274
7610417
7610636
7611069
7617227
7617399
7618122
7621561
7622273
7622307
7622649
7625723
7626457
7629559
7661609
7667757
7670489
7674224
7677194
7679756
7687390
7691871
7691952
7697607
7701048
7728958
7739067
7741472
7746983
7747495
7747886
7749249
7750700
7761336
7762104
7762794
7771441
7799904
7809050
7811522
7812552
7815943
7816406
7831228
7831348
7831636
7836711
7837954
7838475
7847454
7849791
7868532
7871690
7877451
7880417
7889420
7903116
7903576
7904594
7905047
7905597
7905696
7919558
7937449
7938029
7941728
7946636
7946762
7957166
7957377
7957671
7970207
7970844
7974594
7975276
7983015
7983470
7985382
7985438
8004637
8007218
8007458
8015956
8018464
8023581
8027609
8028908
8039063
8042126
8043596
8044218
8046212
8054055
8057047
8058062
8073887
8077790
8081278
8081636
8082339
8086192
8087067
8091492
8093877
8094602
8094948
8097831
8107079
8107984
8111302
8112377
8112523
8123432
8123843
8126531
8127582
8127707
8129047
8144467
8145152
8145311
8154383
8154817
8158382
8160419
8160637
8162345
8162973
8164254
8165159
8166918
8168080
8172784
8172877
8173581
8174161
8175027
8175678
8176777
8176893
8191905
8192892
8196436
8211573
8212786
8219022
8219125
8219268
8222944
8223927
8232017
8233775
8235144
8235448
8243314
8244769
8248948
8250333
8256020
8258630
8262338
8264079
8277043
8277362
8283646
8283958
8284032
8285510
8301905
8307149
8309890
8312324
8312512
8314240
8315796
8316412
8323295
8328390
8332266
8343654
8350645
8354896
8357852
8359997
8360297
8362623
8364786
8365909
8366486
8375240
8378481
8379613
8381246
8385961
8386337
8394175
8395153
8410006
8415501
8416447
8423708
8424298
8425507
8430504
8431479
8431695
8432239
8440248
8441683
8445814
8451486
8453896
8458124
8458954
8476554
8478478
8480097
8480205
8481174
8493969
8494160
8495626
8507295
8518881
8524315
8524633
8525359
8542964
8543569
8545067
8547085
8547669
8555599
8556078
8558329
8561202
8561216
8565016
8579095
8583313
8584513
8587329
8590577
8590920
8607365
8607720
8609482
8612393
8612480
8612481
8612520
8612585
8613105
8617244
8617711
8618560
8619048
8620380
8620872
8623565
8623850
8624143
8630783
8636389
8653471
8654220
8654400
8675106
8677701
8684542
8685978
8686904
8687248
8688421
8689270
8697068
8702863
8703041
8718745
8738333
8742013
8742545
8747442
8748406
8748869
8754274
8766846
8802374
8815404
8816007
8824452
8824732
8827659
8838230
8840992
8866860
8867740
8870850
8878424
8879938
8914297
8936347
8936877
8948617
8953164
8958065
8959259
8961152
8962109
8964218
8973815
8981783
8983847
8984355
9003765
9004818
9009805
9012783
9015765
9021671
9025278
9025498
9027245
9027635
9027871
9028321
9028697
9029603
9049147
9071153
9071238
9072262
9075872
9079904
9080175
9084314
9086187
9100548
9109244
9119915
9139859
9140614
9145861
9145955
9146245
9146372
9152245
9158119
9160695
9161068
9161451
9163153
9164696
9165879
9166070
9176522
9180003
9202471
9202597
9205044
9205705
9209366
9209471
9210570
9219958
9219997
9222389
9225958
9226481
9228469
9229592
9237288
9265822
9268146
9268349
9269234
9269772
9273251
9273827
9278376
9279486
9279889
9283112
9285761
9286287
9289780
9291249
9292180
9292208
9303751
9304549
9329200
9333290
9333501
9335518
9340623
9340993
9344741
9348987
9350031
9368745
9389690
9390936
9391954
9395535
9402439
9405555
9426610
9427899
9456242
9456506
9457108
9457533
9457766
9457889
9466520
9466998
9468160
9468930
9471678
9475697
9486819
9511938
9512426
9512519
9515026
9517131
9517331
9521171
9529813
9530396
9531084
9533861
9534802
9535399
9536330
9542506
9544002
9551807
9569462
9574650
9579357
9579860
9583720
9589638
9590062
9593804
9595822
9595924
9596869
9631782
9635649
9640480
9640886
9642805
9643159
9649717
9650172
9652704
9662344
9662395
9662637
9662723
9663182
9663247
9664360
9664946
9665229
9666021
9692431
9692529
9698133
9704258
9706219
9711269
9712200
9712445
9712510
9712824
9713617
9719012
9724029
9724859
9727261
9753097
9761597
9762752
9763796
9764758
9767051
9772366
9773214
9777293
9782964
9783226
9784687
9784946
9786625
9787045
9787747
9788777
9791929
9811950
9812507
9813963
9818288
9818604
9821622
9823871
9824343
9827682
9835626
9835713
9843910
9846098
9847159
9847922
9851596
9873127
9874261
9880435
9881708
9882316
9882446
9886274
9887134
9896187
9897809
9898240
9898999
9899421
9903422
9905106
9907188
9932339
9932463
9936571
9941713
9941911
9946074
9954248
9956345
9962729
9967700
9968249
9969574
9993459
9994652
9995133
